0 0.059735 0.438106 0.089971 0.139591
0 0.139381 0.501317 0.057522 0.129056
0 0.234513 0.797619 0.044248 0.084282
0 0.283923 0.630373 0.051622 0.076380
0 0.376844 0.604114 0.039823 0.081806
0 0.353982 0.513248 0.035398 0.079172
0 0.273138 0.434155 0.046645 0.079014
0 0.354904 0.390691 0.036873 0.080660
0 0.405144 0.397275 0.032264 0.077368
0 0.454462 0.476289 0.040560 0.070783
0 0.507467 0.492750 0.032264 0.064199
0 0.553097 0.480405 0.033186 0.069137
0 0.644819 0.426082 0.047013 0.098767
0 0.751229 0.278024 0.031465 0.064967
0 0.809735 0.374596 0.028515 0.086037
0 0.860865 0.465901 0.040315 0.075502