0 0.059735 0.223052 0.104720 0.175734
0 0.058260 0.441051 0.110619 0.211325
0 0.166667 0.226389 0.100295 0.191305
0 0.205015 0.426592 0.103245 0.200203
0 0.188053 0.624571 0.107670 0.186856
0 0.360619 0.399898 0.113569 0.195754
0 0.288348 0.197471 0.092920 0.169060
0 0.404867 0.229726 0.104720 0.144591
0 0.528761 0.355409 0.095870 0.160162
0 0.390118 0.696866 0.095870 0.166836
0 0.726401 0.337613 0.101770 0.204652
0 0.676991 0.132961 0.106195 0.204652
0 0.803097 0.164104 0.095870 0.169060
0 0.901917 0.226389 0.101770 0.240244
0 0.974189 0.292011 0.045723 0.233570