0 0.817568 0.665441 0.000000 0.004596
0 0.063345 0.743566 0.038851 0.124081
0 0.024493 0.780331 0.038851 0.133272
0 0.108108 0.653952 0.040541 0.147059
0 0.167230 0.605699 0.043919 0.142463
0 0.220439 0.534467 0.048986 0.147059
0 0.260980 0.394301 0.048986 0.142463
0 0.316723 0.401195 0.045608 0.119485
0 0.376689 0.417279 0.043919 0.133272
0 0.423142 0.433364 0.032095 0.128676
0 0.467061 0.465533 0.042230 0.101103
0 0.514358 0.417279 0.052365 0.133272
0 0.554054 0.437960 0.040541 0.119485
0 0.608108 0.431066 0.043919 0.114890
0 0.656250 0.451746 0.038851 0.128676
0 0.699324 0.534467 0.047297 0.128676
0 0.745777 0.509191 0.048986 0.105699
0 0.801520 0.550551 0.055743 0.142463
0 0.853885 0.447151 0.052365 0.119485
0 0.947635 0.454044 0.043919 0.096507
0 0.957770 0.320772 0.054054 0.133272
0 0.901182 0.348346 0.038851 0.142463
0 0.829392 0.329963 0.037162 0.124081
0 0.790541 0.396599 0.040541 0.110294
0 0.754223 0.318474 0.038851 0.119485
0 0.702703 0.355239 0.047297 0.119485
0 0.613176 0.323070 0.043919 0.147059
0 0.570946 0.267923 0.033784 0.128676
0 0.528716 0.329963 0.043919 0.133272
0 0.486486 0.334559 0.037162 0.124081
0 0.431588 0.297794 0.028716 0.114890
0 0.379223 0.272518 0.045608 0.137868
0 0.307432 0.265625 0.033784 0.096507
0 0.250845 0.256434 0.042230 0.105699
0 0.163007 0.316176 0.035473 0.133272
0 0.125000 0.444853 0.033784 0.124081
0 0.076858 0.467831 0.048986 0.151654
0 0.032095 0.575827 0.043919 0.156250
0 0.040541 0.343750 0.040541 0.133272
0 0.100507 0.334559 0.048986 0.087316
0 0.082770 0.231158 0.043919 0.110294
0 0.023649 0.198989 0.033784 0.128676
0 0.082770 0.120864 0.037162 0.091912
0 0.032095 0.044347 0.030405 0.088694
0 0.138514 0.084099 0.040541 0.091912
0 0.178209 0.185202 0.052365 0.110294