0 0.116667 0.214286 0.066667 0.119048
0 0.168333 0.208333 0.056667 0.095238
0 0.213333 0.187500 0.046667 0.101190
0 0.265000 0.193452 0.043333 0.136905
0 0.325000 0.229167 0.070000 0.148810
0 0.403333 0.202381 0.060000 0.154762
0 0.473333 0.244048 0.066667 0.130952
0 0.533333 0.232143 0.046667 0.154762
0 0.611667 0.223214 0.043333 0.113095
0 0.623333 0.354167 0.053333 0.148810
0 0.393333 0.568452 0.073333 0.148810
0 0.450000 0.669643 0.060000 0.125000
0 0.725000 0.229167 0.056667 0.148810
0 0.806667 0.247024 0.046667 0.125000
0 0.865000 0.196429 0.056667 0.119048
0 0.908333 0.252976 0.063333 0.125000
0 0.738333 0.571429 0.070000 0.107143
0 0.856667 0.535714 0.053333 0.154762
