0 0.072430 0.173729 0.032710 0.050847
0 0.177570 0.139831 0.037383 0.059322
0 0.303738 0.144068 0.028037 0.042373
0 0.397196 0.133475 0.046729 0.046610
0 0.514019 0.133475 0.028037 0.046610
0 0.112150 0.233051 0.046729 0.042373
0 0.028037 0.347458 0.046729 0.050847
0 0.247664 0.228814 0.046729 0.067797
0 0.644860 0.167373 0.046729 0.055085
0 0.364486 0.230932 0.037383 0.055085
0 0.485981 0.226695 0.037383 0.063559
0 0.609813 0.235169 0.032710 0.046610
0 0.696262 0.220339 0.037383 0.042373
0 0.586449 0.300847 0.042056 0.059322
0 0.203271 0.326271 0.042056 0.050847
0 0.077103 0.394068 0.051402 0.050847
0 0.105140 0.502119 0.079439 0.080508
0 0.214953 0.669492 0.056075 0.084746
0 0.441589 0.591102 0.060748 0.063559
0 0.224299 0.421610 0.046729 0.063559
0 0.282710 0.500000 0.051402 0.076271
0 0.329439 0.317797 0.051402 0.059322
0 0.457944 0.349576 0.056075 0.055085
0 0.747664 0.245763 0.037383 0.050847
0 0.834112 0.317797 0.079439 0.067797
0 0.696262 0.402542 0.037383 0.050847
0 0.369159 0.417373 0.037383 0.055085
0 0.497664 0.421610 0.051402 0.055085
0 0.427570 0.493644 0.060748 0.063559
0 0.560748 0.495763 0.065421 0.050847
0 0.733645 0.500000 0.046729 0.084746
0 0.873832 0.569915 0.056075 0.063559
