0 0.018919 0.779412 0.016216 0.117647
0 0.064865 0.761029 0.027027 0.080882
0 0.106757 0.669118 0.035135 0.073529
0 0.031081 0.573529 0.018919 0.088235
0 0.167568 0.591912 0.021622 0.080882
0 0.129730 0.602941 0.027027 0.088235
0 0.082432 0.470588 0.035135 0.088235
0 0.035135 0.308824 0.016216 0.073529
0 0.091892 0.352941 0.021622 0.073529
0 0.166216 0.312500 0.024324 0.080882
0 0.121622 0.452206 0.021622 0.080882
0 0.020270 0.191176 0.024324 0.073529
0 0.033784 0.033088 0.018919 0.051471
0 0.090541 0.227941 0.024324 0.058824
0 0.082432 0.121324 0.018919 0.080882
0 0.201351 0.422794 0.018919 0.080882
0 0.172973 0.485294 0.032432 0.088235
0 0.135135 0.128676 0.027027 0.066176
0 0.225676 0.555147 0.024324 0.080882
0 0.263514 0.400735 0.029730 0.080882
0 0.252703 0.261029 0.024324 0.095588
0 0.218919 0.363971 0.021622 0.066176
0 0.181081 0.213235 0.016216 0.088235
0 0.187838 0.062500 0.018919 0.066176
0 0.247297 0.180147 0.013514 0.080882
0 0.282432 0.154412 0.018919 0.073529
0 0.316216 0.411765 0.021622 0.073529
0 0.344595 0.360294 0.018919 0.088235
0 0.308108 0.268382 0.027027 0.080882
0 0.422973 0.437500 0.029730 0.080882
0 0.378378 0.419118 0.021622 0.073529
0 0.375676 0.268382 0.021622 0.066176
0 0.322973 0.088235 0.029730 0.058824
0 0.254054 0.095588 0.021622 0.058824
0 0.272973 0.036765 0.016216 0.058824
0 0.393243 0.117647 0.024324 0.073529
0 0.348649 0.191176 0.027027 0.102941
0 0.470270 0.466912 0.027027 0.080882
0 0.514865 0.433824 0.018919 0.073529
0 0.556757 0.433824 0.027027 0.073529
0 0.616216 0.459559 0.027027 0.080882
0 0.659459 0.455882 0.027027 0.088235
0 0.701351 0.536765 0.024324 0.073529
0 0.741892 0.518382 0.029730 0.095588
0 0.806757 0.569853 0.029730 0.095588
0 0.525676 0.308824 0.018919 0.102941
0 0.432432 0.301471 0.021622 0.073529
0 0.478378 0.327206 0.016216 0.080882
0 0.464865 0.253676 0.016216 0.080882
0 0.456757 0.187500 0.021622 0.066176
0 0.433784 0.113971 0.018919 0.080882
0 0.495946 0.058824 0.024324 0.088235
0 0.491892 0.154412 0.021622 0.088235
0 0.518919 0.213235 0.021622 0.073529
0 0.385135 0.033088 0.018919 0.051471
0 0.800000 0.231618 0.021622 0.066176
0 0.610811 0.319853 0.027027 0.080882
0 0.567568 0.242647 0.016216 0.073529
0 0.572973 0.128676 0.021622 0.066176
0 0.616216 0.205882 0.016216 0.058824
0 0.668919 0.113971 0.018919 0.095588
0 0.701351 0.183824 0.018919 0.088235
0 0.752703 0.169118 0.018919 0.073529
0 0.744595 0.319853 0.018919 0.125000
0 0.793243 0.386029 0.024324 0.095588
0 0.867568 0.158088 0.027027 0.080882
0 0.859459 0.455882 0.021622 0.102941
0 0.900000 0.330882 0.027027 0.088235
0 0.948649 0.455882 0.027027 0.088235
0 0.940541 0.161765 0.027027 0.117647
0 0.810811 0.088235 0.021622 0.058824
0 0.552703 0.044118 0.035135 0.073529
0 0.725676 0.040441 0.024324 0.066176
0 0.771622 0.051471 0.029730 0.073529
