0 0.038557 0.194466 0.034826 0.058118
0 0.101368 0.140499 0.028607 0.039852
0 0.129353 0.157104 0.024876 0.036531
0 0.085199 0.250093 0.036070 0.056457
0 0.177239 0.259226 0.033582 0.048155
0 0.199627 0.133857 0.023632 0.043173
0 0.273010 0.130536 0.021144 0.049815
0 0.340796 0.129706 0.029851 0.058118
0 0.395522 0.186994 0.034826 0.063099
0 0.318408 0.253414 0.039801 0.059778
0 0.240050 0.250923 0.029851 0.038192
0 0.164179 0.578044 0.059701 0.104612
0 0.268657 0.590498 0.049751 0.092989
0 0.393657 0.590498 0.050995 0.092989
0 0.552861 0.087363 0.070896 0.096310
0 0.659204 0.080721 0.049751 0.086347
0 0.804104 0.076569 0.063433 0.084686
0 0.901119 0.087363 0.050995 0.089668
0 0.615672 0.628690 0.062189 0.122878
0 0.708955 0.625369 0.064677 0.099631
0 0.823383 0.632011 0.057214 0.102952
0 0.922264 0.602952 0.060945 0.131180