0 0.066542 0.230144 0.048507 0.124378
0 0.093284 0.391169 0.037313 0.077736
0 0.143035 0.430037 0.039801 0.137704
0 0.192786 0.486674 0.047264 0.126599
0 0.182214 0.393390 0.050995 0.059968
0 0.345771 0.387838 0.044776 0.084399
0 0.422264 0.372290 0.031095 0.097726
0 0.470149 0.473348 0.062189 0.131041
0 0.559701 0.362296 0.034826 0.086620
0 0.564677 0.596615 0.064677 0.111052
0 0.646766 0.407827 0.032338 0.088842
0 0.734453 0.483342 0.055970 0.111052
0 0.702114 0.294554 0.043532 0.093284
0 0.754353 0.253465 0.053483 0.082178
0 0.839552 0.281228 0.052239 0.097726
0 0.845771 0.370069 0.069652 0.097726
0 0.967040 0.290112 0.063433 0.111052