0 0.261055 0.170319 0.045439 0.077689
0 0.226584 0.300797 0.045439 0.067729
0 0.284557 0.343625 0.048573 0.093625
0 0.342531 0.214143 0.051706 0.081673
0 0.424008 0.160359 0.032904 0.073705
0 0.522222 0.150114 0.048125 0.072567
0 0.644773 0.164343 0.055959 0.072567
0 0.785230 0.175014 0.057078 0.076836
0 0.375050 0.397695 0.047006 0.089641
0 0.461786 0.304496 0.048125 0.076836
0 0.569787 0.276750 0.055959 0.078258
0 0.687861 0.216989 0.052602 0.075413
0 0.780753 0.276039 0.045886 0.073990
0 0.709126 0.342203 0.057078 0.081104
0 0.543487 0.479511 0.034695 0.073990
0 0.624627 0.437536 0.051482 0.069721
0 0.469621 0.481645 0.050363 0.078258