0 0.052365 0.512796 0.104730 0.477703
0 0.114020 0.380574 0.099662 0.503294
0 0.166385 0.423226 0.079392 0.486233
0 0.244088 0.299535 0.086149 0.460642
0 0.367399 0.376309 0.069257 0.409459
0 0.445946 0.418961 0.064189 0.426520
0 0.597973 0.286740 0.074324 0.571537
0 0.662162 0.218011 0.060811 0.436022
0 0.771959 0.436022 0.064189 0.255912
0 0.728885 0.342187 0.028716 0.272973
0 0.763514 0.244088 0.054054 0.230321
0 0.798142 0.320861 0.021959 0.230321
0 0.831081 0.171579 0.033784 0.272973
0 0.839527 0.508530 0.037162 0.247382
0 0.934122 0.534122 0.043919 0.247382
0 0.897804 0.376309 0.032095 0.238851
0 0.893581 0.154519 0.037162 0.238851
0 0.940878 0.256883 0.023649 0.307095
0 0.972973 0.495735 0.054054 0.341216