0 0.067012 0.171367 0.071766 0.065076
0 0.177053 0.152928 0.066982 0.080260
0 0.238054 0.232104 0.074158 0.082430
0 0.301447 0.146421 0.071766 0.080260
0 0.401920 0.134490 0.086119 0.073753
0 0.366037 0.235358 0.066982 0.071584
0 0.525118 0.140998 0.088511 0.082430
0 0.489235 0.228850 0.107649 0.084599
0 0.581335 0.295011 0.076550 0.091106
0 0.636355 0.160521 0.090904 0.052061
0 0.699749 0.222343 0.069374 0.080260
0 0.759554 0.252711 0.040667 0.054230
0 0.838496 0.323210 0.083727 0.108460
0 0.678219 0.406725 0.074158 0.075922
0 0.461725 0.341649 0.047844 0.084599
0 0.316997 0.318872 0.088511 0.056399
0 0.108875 0.238612 0.083727 0.078091
0 0.072992 0.385033 0.059805 0.097614
0 0.028737 0.351410 0.047844 0.078091
0 0.228485 0.427332 0.083727 0.086768
0 0.364841 0.415401 0.117218 0.075922
0 0.498804 0.429501 0.083727 0.052061
0 0.101699 0.503254 0.107649 0.091106
0 0.287094 0.492408 0.110041 0.082430
0 0.555021 0.491323 0.095688 0.101952
0 0.721278 0.494577 0.107649 0.099783
0 0.855242 0.561822 0.145924 0.121475
0 0.442587 0.594360 0.133963 0.117137
0 0.205760 0.656182 0.086119 0.110629
0 0.612433 0.234273 0.076550 0.060738