0 0.040594 0.555000 0.065347 0.310000
0 0.108911 0.445000 0.063366 0.330000
0 0.166337 0.420000 0.063366 0.360000
0 0.243564 0.310000 0.047525 0.300000
0 0.362376 0.340000 0.051485 0.360000
0 0.451485 0.395000 0.035644 0.230000
0 0.601980 0.305000 0.051485 0.450000
0 0.662376 0.245000 0.049505 0.390000
0 0.727723 0.380000 0.025743 0.160000
0 0.761386 0.235000 0.021782 0.150000
0 0.770297 0.460000 0.031683 0.220000
0 0.806931 0.335000 0.025743 0.150000
0 0.834653 0.180000 0.021782 0.140000
0 0.843564 0.500000 0.027723 0.200000
0 0.861386 0.325000 0.027723 0.130000
0 0.889109 0.135000 0.023762 0.150000
0 0.900000 0.355000 0.029703 0.230000
0 0.935644 0.250000 0.025743 0.180000
0 0.927723 0.495000 0.029703 0.190000
0 0.968317 0.240000 0.023762 0.140000
0 0.970297 0.425000 0.027723 0.170000
0 0.978218 0.605000 0.023762 0.170000
