0 0.082090 0.150184 0.054726 0.114177
0 0.106343 0.077347 0.046020 0.086617
0 0.178483 0.104907 0.050995 0.106303
0 0.249378 0.120656 0.053483 0.094492
0 0.331468 0.081284 0.048507 0.110240
0 0.404229 0.096049 0.042289 0.092523
0 0.493159 0.099001 0.048507 0.106303
0 0.561567 0.105891 0.048507 0.092523
0 0.633706 0.102939 0.065920 0.094492
0 0.708955 0.157074 0.064677 0.116146
0 0.787313 0.086206 0.052239 0.124020
0 0.875622 0.081284 0.067164 0.102366
0 0.825871 0.212194 0.049751 0.096460
0 0.873134 0.252550 0.044776 0.090554
0 0.623756 0.218100 0.046020 0.096460
0 0.544154 0.220069 0.048507 0.092523
0 0.433458 0.200383 0.041045 0.080712
0 0.315299 0.208257 0.053483 0.092523
0 0.201493 0.229912 0.064677 0.112209
0 0.123134 0.576381 0.054726 0.112209
0 0.331468 0.606894 0.053483 0.106303
0 0.416045 0.639375 0.050995 0.096460
0 0.581468 0.620674 0.058458 0.110240
0 0.658582 0.632485 0.060945 0.122052
0 0.785448 0.600988 0.055970 0.118114
0 0.909826 0.627564 0.055970 0.108272