0 0.128182 0.470978 0.043434 0.066335
0 0.182803 0.577944 0.028956 0.067993
0 0.215049 0.487562 0.043434 0.069652
0 0.270986 0.402156 0.042117 0.061360
0 0.261115 0.636816 0.035537 0.069652
0 0.295994 0.480100 0.050014 0.048093
0 0.365093 0.430348 0.043434 0.054726
0 0.380887 0.572968 0.035537 0.058043
0 0.396681 0.282753 0.038169 0.064677
0 0.472360 0.281095 0.044750 0.064677
0 0.549356 0.284411 0.046066 0.064677
0 0.442747 0.383914 0.048698 0.077944
0 0.473677 0.481758 0.036853 0.044776
0 0.542117 0.601161 0.039485 0.061360
0 0.542117 0.482587 0.057912 0.066335
0 0.618455 0.475124 0.042117 0.064677
0 0.659915 0.393035 0.051331 0.072968
0 0.711245 0.408789 0.030272 0.058043
0 0.784951 0.475124 0.043434 0.061360
0 0.748098 0.653400 0.040801 0.059701